26 7 2 1.5e5 0.3 200 0  3
1 0 0
2 0 250
3 0 500
4 625 0
5 625 250
6 625 500
7 1250 0
8 1250 250
9 1250 500
10 1875 0
11 1875 250
12 1875 500
13 2500 0
14 2500 250
15 2500 500
16 3125 0
17 3125 250
18 3125 500
19 3750 0
20 3750 250
21 3750 500
22 4375 0
23 4375 500
24 5000 0
25 5000 250
26 5000 500
1 7 3 4 5 2 -1 -1
3 7 9 5 8 6 -1 -1
7 13 9 10 11 8 -1 -1
9 13 15 11 14 12 -1 -1
13 19 15 16 17 14 -1 -1
15 19 21 17 20 18 -1 -1
19 24 26 21 22 25 23 20
0
1
26 2 -1e5
0
6
1 1 0
1 2 0
2 1 0
2 2 0
3 1 0
3 2 0